"Sens Factor =1.1dB, EARS Serial 860-1152, compensation HEQ V2"
"Use this file on the LEFT channel. Your sensitive side is RIGHT."
*
* HEQ: Default headphone compensation curve for flat EQ target,
*      miniDSP EARS version
*
* For use with headphones. Do not use with IEMs.
*
* Changelog:
* Version 1, 24 Feb 2018 : Initial version
* Version 2, 31 March 2018 : More neutral in bass
*
* Freq(Hz) SPL(dB) Phase(degrees)
*
    10.0     -1.9     -1.1
    10.6     -1.6     -1.1
    11.2     -1.4     -1.2
    11.8     -0.9     -1.3
    12.5     -0.5     -1.3
    13.2     -0.1     -1.4
    14.0      0.2     -1.5
    15.0      0.5     -1.6
    16.0      0.7     -1.7
    17.0      0.8     -1.8
    18.0      1.0     -1.9
    19.0      1.1     -2.1
    20.0      1.2     -2.2
    21.2      1.3     -2.3
    22.4      1.4     -2.4
    23.6      1.4     -2.6
    25.0      1.5     -2.7
    26.5      1.6     -2.9
    28.0      1.6     -3.1
    30.0      1.6     -3.4
    31.5      1.7     -3.5
    33.5      1.7     -3.8
    35.5      1.8     -4.1
    37.5      1.8     -4.3
    40.0      1.8     -4.6
    42.5      1.8     -5.0
    45.0      1.8     -5.3
    47.5      1.8     -5.7
    50.0      1.8     -6.0
    53.0      1.8     -6.4
    56.0      1.8     -6.9
    60.0      1.7     -7.5
    63.0      1.7     -7.9
    67.0      1.6     -8.5
    71.0      1.5     -9.0
    75.0      1.3     -9.6
    80.0      1.2    -10.1
    85.0      1.0    -10.7
    90.0      0.8    -11.2
    95.0      0.6    -11.6
   100.0      0.5    -11.9
   106.0      0.3    -12.2
   112.0      0.1    -12.3
   118.0     -0.1    -12.3
   125.0     -0.3    -12.2
   132.0     -0.5    -11.9
   140.0     -0.7    -11.6
   150.0     -0.8    -10.9
   160.0     -1.0    -10.3
   170.0     -1.1     -9.6
   180.0     -1.2     -8.8
   190.0     -1.3     -8.2
   200.0     -1.4     -7.5
   212.0     -1.5     -6.8
   224.0     -1.6     -6.0
   236.0     -1.7     -5.4
   250.0     -1.8     -4.6
   265.0     -1.9     -3.9
   280.0     -2.0     -3.2
   300.0     -2.0     -2.4
   315.0     -2.1     -1.9
   335.0     -2.1     -1.2
   355.0     -2.1     -0.5
   375.0     -2.1      0.0
   400.0     -2.1      0.7
   425.0     -2.1      1.4
   450.0     -2.2      2.0
   475.0     -2.2      2.5
   500.0     -2.2      3.1
   530.0     -2.2      3.7
   560.0     -2.2      4.3
   600.0     -2.2      5.1
   630.0     -2.2      5.6
   670.0     -2.1      6.4
   710.0     -2.1      7.1
   750.0     -2.1      7.7
   800.0     -2.0      8.5
   850.0     -2.0      9.4
   900.0     -2.0     10.2
   950.0     -2.0     10.9
  1000.0     -1.9     11.7
  1060.0     -1.9     12.6
  1120.0     -1.9     13.6
  1180.0     -1.9     14.5
  1250.0     -1.9     15.5
  1320.0     -1.9     16.6
  1400.0     -1.8     17.8
  1500.0     -1.7     19.3
  1600.0     -1.5     20.8
  1700.0     -1.4     22.4
  1800.0     -1.2     23.9
  1900.0     -1.0     25.3
  2000.0     -0.8     26.8
  2120.0     -0.5     28.6
  2240.0     -0.1     30.5
  2360.0      0.3     32.2
  2500.0      0.7     34.3
  2650.0      1.3     36.5
  2800.0      1.9     38.8
  3000.0      2.8     41.5
  3150.0      3.5     43.6
  3350.0      4.8     46.0
  3550.0      6.3     47.6
  3750.0      8.3     47.7
  4000.0     11.2     41.8
  4250.0     13.6     23.4
  4500.0     14.4      2.0
  4750.0     14.2    -16.0
  5000.0     13.2    -32.8
  5300.0     11.3    -47.6
  5600.0      9.4    -56.3
  6000.0      7.1    -61.2
  6300.0      5.7    -62.6
  6700.0      4.3    -62.9
  7100.0      3.1    -62.5
  7500.0      2.1    -61.8
  8000.0      1.0    -60.5
  8500.0      0.1    -59.0
  9000.0     -0.7    -57.6
  9500.0     -1.4    -56.2
 10000.0     -2.1    -54.7
 10600.0     -3.0    -52.6
 11200.0     -3.8    -50.2
 11800.0     -4.7    -47.9
 12500.0     -5.7    -44.7
 13200.0     -6.8    -41.1
 14000.0     -7.8    -36.9
 15000.0     -9.1    -31.6
 16000.0    -10.2    -25.6
 17000.0    -11.3    -18.8
 18000.0    -12.3    -12.4
 19000.0    -13.0     -6.4
 20000.0    -13.6     -0.2
