"Sens Factor =1.1dB, EARS Serial 860-1152, compensation HPN V1"
"Use this file on the LEFT channel. Your sensitive side is RIGHT."
*
* HPN: Default headphone compensation curve for miniDSP EARS
*
* For use with headphones. Do not use with IEMs.
*
* Changelog:
* Version 1, 12 Dec 2017 : Initial version
*
* Freq(Hz) SPL(dB) Phase(degrees)
*
    10.0     -5.3      3.8
    10.6     -5.0      3.7
    11.2     -4.8      3.5
    11.8     -4.3      3.4
    12.5     -3.9      3.2
    13.2     -3.5      3.1
    14.0     -3.2      2.9
    15.0     -3.0      2.7
    16.0     -2.8      2.5
    17.0     -2.6      2.3
    18.0     -2.5      2.3
    19.0     -2.3      2.2
    20.0     -2.2      2.2
    21.2     -2.1      2.1
    22.4     -2.0      2.1
    23.6     -2.0      2.1
    25.0     -1.9      2.0
    26.5     -1.8      2.0
    28.0     -1.8      2.1
    30.0     -1.7      2.2
    31.5     -1.7      2.2
    33.5     -1.7      2.2
    35.5     -1.6      2.1
    37.5     -1.6      2.2
    40.0     -1.5      2.3
    42.5     -1.5      2.4
    45.0     -1.5      2.5
    47.5     -1.5      2.5
    50.0     -1.5      2.6
    53.0     -1.5      2.7
    56.0     -1.5      2.8
    60.0     -1.5      3.0
    63.0     -1.5      3.0
    67.0     -1.5      3.2
    71.0     -1.6      3.3
    75.0     -1.6      3.5
    80.0     -1.7      3.6
    85.0     -1.8      3.8
    90.0     -1.8      4.0
    95.0     -1.9      4.2
   100.0     -1.9      4.4
   106.0     -2.0      4.6
   112.0     -2.0      4.8
   118.0     -2.0      5.1
   125.0     -2.1      5.3
   132.0     -2.1      5.6
   140.0     -2.1      5.9
   150.0     -2.1      6.3
   160.0     -2.1      6.6
   170.0     -2.1      7.0
   180.0     -2.1      7.4
   190.0     -2.1      7.7
   200.0     -2.1      8.1
   212.0     -2.2      8.5
   224.0     -2.2      8.9
   236.0     -2.3      9.4
   250.0     -2.4      9.9
   265.0     -2.4     10.4
   280.0     -2.5     10.9
   300.0     -2.5     11.7
   315.0     -2.5     12.2
   335.0     -2.5     12.9
   355.0     -2.5     13.6
   375.0     -2.5     14.2
   400.0     -2.5     15.1
   425.0     -2.5     16.0
   450.0     -2.6     16.9
   475.0     -2.6     17.7
   500.0     -2.6     18.6
   530.0     -2.6     19.6
   560.0     -2.6     20.6
   600.0     -2.6     22.1
   630.0     -2.5     23.0
   670.0     -2.5     24.4
   710.0     -2.5     25.8
   750.0     -2.4     27.0
   800.0     -2.4     28.7
   850.0     -2.3     30.5
   900.0     -2.3     32.3
   950.0     -2.2     33.9
  1000.0     -2.2     35.6
  1060.0     -2.1     37.6
  1120.0     -2.1     39.7
  1180.0     -2.0     41.7
  1250.0     -1.9     44.2
  1320.0     -1.8     46.7
  1400.0     -1.6     49.3
  1500.0     -1.3     52.3
  1600.0     -1.0     55.4
  1700.0     -0.7     58.3
  1800.0     -0.4     60.8
  1900.0      0.0     62.9
  2000.0      0.2     65.1
  2120.0      0.6     68.0
  2240.0      0.9     71.6
  2360.0      1.3     75.7
  2500.0      1.9     81.2
  2650.0      2.7     87.8
  2800.0      3.8     95.1
  3000.0      5.9    103.6
  3150.0      7.9    108.9
  3350.0     11.2    110.3
  3550.0     14.6    104.0
  3750.0     17.6     91.9
  4000.0     20.1     67.5
  4250.0     21.2     37.9
  4500.0     20.2      7.4
  4750.0     17.4     -8.2
  5000.0     15.5    -12.1
  5300.0     14.9    -17.5
  5600.0     13.5    -33.6
  6000.0      9.5    -43.1
  6300.0      7.2    -39.4
  6700.0      5.3    -30.4
  7100.0      4.2    -22.5
  7500.0      3.6    -16.5
  8000.0      3.3    -10.1
  8500.0      3.1     -5.4
  9000.0      3.1     -2.4
  9500.0      3.1     -0.8
 10000.0      3.1      0.1
 10600.0      2.9      0.5
 11200.0      2.7      0.4
 11800.0      2.3      0.2
 12500.0      1.8      0.0
 13200.0      1.2     -0.1
 14000.0      0.6      0.1
 15000.0     -0.2      0.3
 16000.0     -0.9      0.7
 17000.0     -1.6      1.0
 18000.0     -2.1      1.0
 19000.0     -2.5      0.9
 20000.0     -2.9      0.6
