"Sens Factor =1.1dB, EARS Serial 860-1152, compensation IDF V1"
"Use this file on the LEFT channel. Your sensitive side is RIGHT."
*
* IDF: IEM diffuse field compensation curve for miniDSP EARS
*
* For use with IEMs. Do not use with headphones.
*
* Changelog:
* Version 1, 15 Dec 2017 : Initial version
*
* Freq(Hz) SPL(dB) Phase(degrees)
*
    10.0     -4.8      3.7
    10.6     -4.5      3.6
    11.2     -4.3      3.6
    11.8     -3.8      3.5
    12.5     -3.4      3.5
    13.2     -3.0      3.4
    14.0     -2.7      3.3
    15.0     -2.5      3.2
    16.0     -2.3      3.1
    17.0     -2.1      3.0
    18.0     -2.0      3.0
    19.0     -1.8      3.0
    20.0     -1.7      3.0
    21.2     -1.6      3.1
    22.4     -1.5      3.1
    23.6     -1.5      3.2
    25.0     -1.4      3.2
    26.5     -1.3      3.3
    28.0     -1.3      3.5
    30.0     -1.2      3.7
    31.5     -1.2      3.8
    33.5     -1.2      3.8
    35.5     -1.1      3.9
    37.5     -1.1      4.0
    40.0     -1.0      4.2
    42.5     -1.0      4.5
    45.0     -1.0      4.7
    47.5     -1.0      4.8
    50.0     -1.0      5.0
    53.0     -0.9      5.2
    56.0     -0.9      5.5
    60.0     -1.0      5.8
    63.0     -1.0      6.0
    67.0     -1.0      6.2
    71.0     -1.1      6.6
    75.0     -1.1      6.9
    80.0     -1.2      7.2
    85.0     -1.2      7.6
    90.0     -1.3      8.0
    95.0     -1.4      8.3
   100.0     -1.4      8.7
   106.0     -1.5      9.1
   112.0     -1.5      9.5
   118.0     -1.5      9.9
   125.0     -1.5     10.4
   132.0     -1.6     10.9
   140.0     -1.6     11.5
   150.0     -1.6     12.2
   160.0     -1.6     12.8
   170.0     -1.5     13.5
   180.0     -1.5     14.2
   190.0     -1.5     14.8
   200.0     -1.6     15.4
   212.0     -1.6     16.2
   224.0     -1.6     16.9
   236.0     -1.7     17.7
   250.0     -1.7     18.5
   265.0     -1.8     19.4
   280.0     -1.8     20.4
   300.0     -1.8     21.6
   315.0     -1.8     22.4
   335.0     -1.8     23.6
   355.0     -1.8     24.7
   375.0     -1.8     25.7
   400.0     -1.7     27.1
   425.0     -1.7     28.6
   450.0     -1.7     29.9
   475.0     -1.6     31.1
   500.0     -1.6     32.4
   530.0     -1.5     33.8
   560.0     -1.5     35.4
   600.0     -1.4     37.4
   630.0     -1.3     38.6
   670.0     -1.1     40.5
   710.0     -1.0     42.3
   750.0     -0.8     43.8
   800.0     -0.7     45.9
   850.0     -0.5     48.0
   900.0     -0.3     49.9
   950.0     -0.1     51.6
  1000.0      0.1     53.2
  1060.0      0.4     55.2
  1120.0      0.6     57.0
  1180.0      0.9     58.6
  1250.0      1.3     60.4
  1320.0      1.6     62.0
  1400.0      2.1     63.5
  1500.0      2.7     65.0
  1600.0      3.4     66.0
  1700.0      4.1     66.3
  1800.0      4.9     66.1
  1900.0      5.6     65.2
  2000.0      6.4     63.6
  2120.0      7.4     60.3
  2240.0      8.3     55.4
  2360.0      9.2     49.4
  2500.0      9.8     40.5
  2650.0     10.1     30.0
  2800.0      9.9     19.1
  3000.0      9.1      7.8
  3150.0      8.3      0.6
  3350.0      7.2     -6.6
  3550.0      6.2    -11.5
  3750.0      5.2    -15.0
  4000.0      4.0    -18.5
  4250.0      3.0    -21.2
  4500.0      2.0    -23.4
  4750.0      1.0    -25.2
  5000.0      0.1    -26.8
  5300.0     -1.0    -28.5
  5600.0     -2.0    -30.1
  6000.0     -3.4    -32.0
  6300.0     -4.3    -33.2
  6700.0     -5.5    -34.7
  7100.0     -6.7    -35.9
  7500.0     -7.8    -37.0
  8000.0     -9.2    -38.0
  8500.0    -10.5    -38.7
  9000.0    -11.7    -39.2
  9500.0    -12.8    -39.4
 10000.0    -13.9    -39.4
 10600.0    -15.2    -39.0
 11200.0    -16.3    -38.3
 11800.0    -17.4    -37.3
 12500.0    -18.5    -35.6
 13200.0    -19.2    -33.4
 14000.0    -19.0    -32.6
 15000.0    -18.4    -50.8
 16000.0    -22.1    -69.6
 17000.0    -24.6    -70.8
 18000.0    -26.1    -72.5
 19000.0    -27.0    -75.9
 20000.0    -27.6    -80.9
