"Sens Factor =1.1dB, EARS Serial 860-1152, compensation HPN V1"
"Use this file on the RIGHT channel. Your sensitive side is RIGHT."
*
* HPN: Default headphone compensation curve for miniDSP EARS
*
* For use with headphones. Do not use with IEMs.
*
* Changelog:
* Version 1, 12 Dec 2017 : Initial version
*
* Freq(Hz) SPL(dB) Phase(degrees)
*
    10.0     -3.2      3.8
    10.6     -2.9      3.7
    11.2     -2.6      3.5
    11.8     -2.2      3.4
    12.5     -1.7      3.2
    13.2     -1.3      3.1
    14.0     -1.0      2.9
    15.0     -0.7      2.7
    16.0     -0.4      2.5
    17.0     -0.2      2.3
    18.0     -0.1      2.3
    19.0      0.1      2.2
    20.0      0.2      2.2
    21.2      0.3      2.1
    22.4      0.4      2.1
    23.6      0.4      2.1
    25.0      0.5      2.0
    26.5      0.5      2.0
    28.0      0.6      2.1
    30.0      0.6      2.2
    31.5      0.7      2.2
    33.5      0.7      2.2
    35.5      0.8      2.1
    37.5      0.9      2.2
    40.0      0.9      2.3
    42.5      1.0      2.4
    45.0      1.0      2.5
    47.5      1.0      2.5
    50.0      1.1      2.6
    53.0      1.1      2.7
    56.0      1.1      2.8
    60.0      1.1      3.0
    63.0      1.1      3.0
    67.0      1.1      3.2
    71.0      1.0      3.3
    75.0      1.0      3.5
    80.0      0.9      3.6
    85.0      0.9      3.8
    90.0      0.8      4.0
    95.0      0.8      4.2
   100.0      0.7      4.4
   106.0      0.7      4.6
   112.0      0.7      4.8
   118.0      0.7      5.1
   125.0      0.6      5.3
   132.0      0.6      5.6
   140.0      0.6      5.9
   150.0      0.6      6.3
   160.0      0.6      6.6
   170.0      0.6      7.0
   180.0      0.6      7.4
   190.0      0.5      7.7
   200.0      0.5      8.1
   212.0      0.4      8.5
   224.0      0.4      8.9
   236.0      0.3      9.4
   250.0      0.2      9.9
   265.0      0.1     10.4
   280.0      0.0     10.9
   300.0      0.0     11.7
   315.0     -0.1     12.2
   335.0     -0.2     12.9
   355.0     -0.2     13.6
   375.0     -0.3     14.2
   400.0     -0.3     15.1
   425.0     -0.4     16.0
   450.0     -0.4     16.9
   475.0     -0.4     17.7
   500.0     -0.5     18.6
   530.0     -0.5     19.6
   560.0     -0.5     20.6
   600.0     -0.4     22.1
   630.0     -0.4     23.0
   670.0     -0.3     24.4
   710.0     -0.3     25.8
   750.0     -0.2     27.0
   800.0     -0.1     28.7
   850.0     -0.1     30.5
   900.0      0.0     32.3
   950.0      0.0     33.9
  1000.0      0.0     35.6
  1060.0      0.0     37.6
  1120.0      0.1     39.7
  1180.0      0.1     41.7
  1250.0      0.2     44.2
  1320.0      0.3     46.7
  1400.0      0.4     49.3
  1500.0      0.7     52.3
  1600.0      1.0     55.4
  1700.0      1.3     58.3
  1800.0      1.6     60.8
  1900.0      2.0     62.9
  2000.0      2.3     65.1
  2120.0      2.6     68.0
  2240.0      3.0     71.6
  2360.0      3.3     75.7
  2500.0      3.9     81.2
  2650.0      4.7     87.8
  2800.0      5.8     95.1
  3000.0      7.8    103.6
  3150.0      9.8    108.9
  3350.0     13.1    110.3
  3550.0     16.5    104.0
  3750.0     19.5     91.9
  4000.0     21.9     67.5
  4250.0     23.0     37.9
  4500.0     22.0      7.4
  4750.0     19.1     -8.2
  5000.0     17.2    -12.1
  5300.0     16.5    -17.5
  5600.0     15.1    -33.6
  6000.0     11.0    -43.1
  6300.0      8.5    -39.4
  6700.0      6.5    -30.4
  7100.0      5.3    -22.5
  7500.0      4.5    -16.5
  8000.0      4.0    -10.1
  8500.0      3.7     -5.4
  9000.0      3.6     -2.4
  9500.0      3.5     -0.8
 10000.0      3.4      0.1
 10600.0      3.2      0.5
 11200.0      2.8      0.4
 11800.0      2.3      0.2
 12500.0      1.8      0.0
 13200.0      1.1     -0.1
 14000.0      0.4      0.1
 15000.0     -0.4      0.3
 16000.0     -1.1      0.7
 17000.0     -1.7      1.0
 18000.0     -2.3      1.0
 19000.0     -2.7      0.9
 20000.0     -3.0      0.6
