"Sens Factor =1.1dB, EARS Serial 860-1152, compensation IDF V1"
"Use this file on the RIGHT channel. Your sensitive side is RIGHT."
*
* IDF: IEM diffuse field compensation curve for miniDSP EARS
*
* For use with IEMs. Do not use with headphones.
*
* Changelog:
* Version 1, 15 Dec 2017 : Initial version
*
* Freq(Hz) SPL(dB) Phase(degrees)
*
    10.0     -2.7      3.7
    10.6     -2.4      3.6
    11.2     -2.1      3.6
    11.8     -1.6      3.5
    12.5     -1.2      3.5
    13.2     -0.8      3.4
    14.0     -0.5      3.3
    15.0     -0.2      3.2
    16.0      0.1      3.1
    17.0      0.3      3.0
    18.0      0.4      3.0
    19.0      0.6      3.0
    20.0      0.7      3.0
    21.2      0.8      3.1
    22.4      0.9      3.1
    23.6      0.9      3.2
    25.0      1.0      3.2
    26.5      1.0      3.3
    28.0      1.1      3.5
    30.0      1.1      3.7
    31.5      1.2      3.8
    33.5      1.2      3.8
    35.5      1.3      3.9
    37.5      1.4      4.0
    40.0      1.4      4.2
    42.5      1.5      4.5
    45.0      1.5      4.7
    47.5      1.6      4.8
    50.0      1.6      5.0
    53.0      1.6      5.2
    56.0      1.6      5.5
    60.0      1.6      5.8
    63.0      1.6      6.0
    67.0      1.6      6.2
    71.0      1.5      6.6
    75.0      1.5      6.9
    80.0      1.4      7.2
    85.0      1.4      7.6
    90.0      1.3      8.0
    95.0      1.3      8.3
   100.0      1.3      8.7
   106.0      1.2      9.1
   112.0      1.2      9.5
   118.0      1.2      9.9
   125.0      1.2     10.4
   132.0      1.2     10.9
   140.0      1.1     11.5
   150.0      1.1     12.2
   160.0      1.1     12.8
   170.0      1.1     13.5
   180.0      1.1     14.2
   190.0      1.1     14.8
   200.0      1.1     15.4
   212.0      1.0     16.2
   224.0      1.0     16.9
   236.0      0.9     17.7
   250.0      0.8     18.5
   265.0      0.7     19.4
   280.0      0.7     20.4
   300.0      0.6     21.6
   315.0      0.6     22.4
   335.0      0.5     23.6
   355.0      0.5     24.7
   375.0      0.5     25.7
   400.0      0.5     27.1
   425.0      0.5     28.6
   450.0      0.5     29.9
   475.0      0.5     31.1
   500.0      0.5     32.4
   530.0      0.6     33.8
   560.0      0.6     35.4
   600.0      0.7     37.4
   630.0      0.9     38.6
   670.0      1.0     40.5
   710.0      1.2     42.3
   750.0      1.3     43.8
   800.0      1.5     45.9
   850.0      1.8     48.0
   900.0      1.9     49.9
   950.0      2.1     51.6
  1000.0      2.3     53.2
  1060.0      2.5     55.2
  1120.0      2.8     57.0
  1180.0      3.0     58.6
  1250.0      3.4     60.4
  1320.0      3.7     62.0
  1400.0      4.1     63.5
  1500.0      4.7     65.0
  1600.0      5.4     66.0
  1700.0      6.1     66.3
  1800.0      6.9     66.1
  1900.0      7.6     65.2
  2000.0      8.4     63.6
  2120.0      9.4     60.3
  2240.0     10.4     55.4
  2360.0     11.2     49.4
  2500.0     11.8     40.5
  2650.0     12.1     30.0
  2800.0     11.8     19.1
  3000.0     11.0      7.8
  3150.0     10.3      0.6
  3350.0      9.1     -6.6
  3550.0      8.1    -11.5
  3750.0      7.0    -15.0
  4000.0      5.9    -18.5
  4250.0      4.8    -21.2
  4500.0      3.8    -23.4
  4750.0      2.8    -25.2
  5000.0      1.8    -26.8
  5300.0      0.6    -28.5
  5600.0     -0.5    -30.1
  6000.0     -1.9    -32.0
  6300.0     -3.0    -33.2
  6700.0     -4.3    -34.7
  7100.0     -5.6    -35.9
  7500.0     -6.9    -37.0
  8000.0     -8.4    -38.0
  8500.0     -9.8    -38.7
  9000.0    -11.2    -39.2
  9500.0    -12.4    -39.4
 10000.0    -13.6    -39.4
 10600.0    -14.9    -39.0
 11200.0    -16.2    -38.3
 11800.0    -17.4    -37.3
 12500.0    -18.5    -35.6
 13200.0    -19.4    -33.4
 14000.0    -19.2    -32.6
 15000.0    -18.6    -50.8
 16000.0    -22.3    -69.6
 17000.0    -24.8    -70.8
 18000.0    -26.2    -72.5
 19000.0    -27.1    -75.9
 20000.0    -27.8    -80.9
